Best classification error:
0.00025
Best supervised weights:
[[ 3.1575828 ]
 [-1.83906438]
 [-1.78104024]
 [-1.85297311]
 [-1.85329779]
 [ 3.19277699]
 [-1.73939676]
 [ 3.30812178]
 [ 3.31124454]
 [-1.915249  ]]
Best unsupervised weights:
 [[  4.268888     9.17086644]
 [  8.35200375  -3.91467891]
 [ 19.64693859   3.81760017]
 [ 17.29847864  -0.91640341]
 [  3.2078678   -1.76436395]
 [ -3.98990448   9.30956788]
 [ 12.58753585  -3.36798623]
 [ -9.3870602    4.18012577]
 [  9.43069752   3.46908896]
 [  0.23826563   2.87634084]]